9D - csoportok szórása és nagysága alapján
fitness: 0.3734518039849219
grad = [ -1.88476037e-03   2.06426135e-03  -7.18003949e-04   3.59001975e-04
  -8.97504936e-05   8.97504936e-05   8.97504936e-05  -1.79500987e-04
   0.00000000e+00]
opts = [ 1.71961946  1.07036439 -1.27517501  2.62609944  3.6192784  -0.60204631
  2.26709747  4.07700592 -0.09944355]
gamma: 100

4D - csoportok szórása és a gauss szigmája alapján sigma 0-3, 3-6, 6 < -> 0 súly, itt ~ -2.5, a negyedik érték a gauss szigmája
fitness: 0.39535092443008435
grad = [ 0.00080775  0.0001795  -0.00116676  0.0001795 ]
opts = [ 3.11075211  3.26027643 -2.49578173  5.90037695]
gamma: 100
time:237.42551767069222

9D - sok szórás osztás
fitness: 0.3756955663256148
grad = [ 0.         -0.0005385   0.          0.00278227 -0.0001795   0.00125651
  0.0001795   0.          0.00161551]
opts = [ 1.          3.1629869   1.          1.6372285  -0.22958176 -0.57960869
 -0.55268354  0.95512475  2.87811883]
gamma: 100
time:345.4543249389438

9D genetikus 50 generation sok szórás osztás
fitness: 0.3902593869036822  params: [ 2.24566252  5.5968082   2.71039288  4.91281516  1.19773329  3.24189493
  2.95309864 -1.6340112   8.79384334]